81.8	99	324220		5287700		8.19614		3678	74822
82.7	99	103000		332529		111.231		2431	50854
76.7	99	48845		5421349		27.1861		1385	15991
77.8	93.4	78200		3764166		1		831	13012
71.9	73.2	108890		16176133	7.3275		571	3904
71.8	53.5	144000		160991563	76.936		562	1212
71.3	99.7	603549		42480549	25.262		240	2004
70.5	99.5	17125191	146727400	63.4694		1215	9054
68.3	66	3287590		1297764000	66.6276		295	1617
68.9	92	1904556		260581100	12936.6		391	3362
54.5	72	923768		186987563	315.388		769	2741
53.7	82.8	30355		2160309		13.5203		50	1051
53.3	48.7	322460		23254184	590		50	1314
66.1	64.9	26338		11262564	812.427		100	731
66	86.2	267667		1763142		591.1		1700	7735
65.8	88	825418		2513981		13.5203		643	5776
65.7	82.9	581730		2303820		10.252		638	6040
65.7	68.7	236800		6693300		8155.8		215	1778
76.2	91	283560		15467000	24094		359	6070
76.1	86	10990		2930050		127.72		1135	4948
76.1	95.8	13940		392718		0.99374		700	23902
76.1	93.3	9598962		1380483000	6.76014		656	7989
76	90.3	329560		92700000	22270.9		250	2088
83.7	99	377835		126960000	103.6		2522	32485
83.1	99	41290		8236600		0.97281		8000	80675
83	94.4	778		5469724		1.38677		2616	52887
82.8	99	7692024		25117000	1.30716		2610	50961
82.8	97.9	497304		46423064	150.149		2352	25864
75.8	88.7	780580		78741053	3.11579		1731	9437
75.7	97	25333		2069172		55.1135		1345	4786

