70		63		27	19.0
69.93007	63.63		27.05	18.98
69.86021	64.2663		27.1	18.96
69.79042	64.90896	27.15	18.94
69.7207		65.55805	27.2	18.92
69.65105	66.21363	27.25	18.9
69.58147	66.87577	27.3	18.88
69.51195	67.54453	27.35	18.86
69.44251	68.21997	27.4	18.84
69.37314	68.90217	27.45	18.82
69.30383	69.59119	27.5	18.8
69.2346		70.28711	27.55	18.78
69.16543	70.98998	27.6	18.76
69.09634	71.69988	27.65	18.74
69.02731	72.41688	27.7	18.72
68.95835	73.14104	27.75	18.7
68.88946	73.87245	27.8	18.68
68.82064	74.61118	27.85	18.66
68.75189	75.35729	27.9	18.64
68.68321	76.11086	27.95	18.62
68.61459	76.87197	28	18.6
68.54605	77.64069	28.05	18.58
68.47757	78.4171		28.1	18.56
68.40916	79.20127	28.15	18.54
68.34082	79.99328	28.2	18.52
68.27255	80.79322	28.25	18.5
68.20434	81.60115	28.3	18.48
68.13621	82.41716	28.35	18.46
68.06814	83.24133	28.4	18.44
68.00014	84.07374	28.45	18.42
67.93221	84.91448	28.5	18.4
67.86434	85.76363	28.55	18.38
67.79654	86.62126	28.6	18.36
67.72882	87.48748	28.65	18.34
67.66115	88.36235	28.7	18.32
67.59356	89.24597	28.75	18.3
67.52604	90.13843	28.8	18.28
67.45858	91.03982	28.85	18.26
67.39119	91.95022	28.9	18.24
67.32386	92.86972	28.95	18.22
67.2566		93.79842	29	18.2
67.18942	94.7364		29.05	18.18
67.12229	95.68376	29.1	18.16
67.05524	96.6406		29.15	18.14
66.98825	97.60701	29.2	18.12
